20130102,1
20130103,4
20130105,4
20130107,1
20130116,1
20130123,1
20130429,1
20130501,1
20130515,1
20130522,3
20130525,1
20130529,1
20130601,3
20130602,2
20130603,2
20130604,10
20130605,8
20130606,1
20130607,16
20130608,2
20130612,2
20130614,1
20130615,44
20130616,9
20130617,3
20130618,4
20130619,3
20130622,3
20130630,3
20130701,1
20130702,2
20130706,3
20130707,4
20130708,2
20130710,2
20130711,2
20130712,2
20130713,1
20130714,2
20130715,3
20130716,1
20130717,5
20130719,1
20130721,1
20130723,1
20130725,1
20130727,5
20130728,4
20130729,1
20130730,2
20130731,1
20130802,1
20130803,1
20130807,1
20130814,1
20130817,1
20130818,7
20130819,4
20130820,5
20130821,25
20130822,62
20130824,4
20130825,7
20130826,2
20130827,35
20130828,9
20130829,21
20130830,16
20130831,2
20130901,3
20130902,1
20130903,5
20130905,5
20130906,14
20130907,4
20130908,13
20130909,17
20130911,209
20130912,648
20130913,597
20130914,1196
20130917,2524
20130918,877
20130919,835
20130920,597
20130921,1229
20130922,761
20130923,79
20130924,669
20130925,367
20130926,200
20130927,395
20130928,806
20130929,1381
20130930,245
20131001,922
20131002,800
20131003,833
20131004,810
20131005,1516
20131006,2818
20131007,1297
20131008,1161
20131009,221
20131010,1053
20131011,1382
20131012,1165
20131013,909
20131014,68
20131015,170
20131017,44
20131018,169
20131019,100
20131020,178
20131021,365
20131022,388
20131023,669
20131024,579
20131025,288
20131027,1622
20131028,1137
20131029,376
20131030,721
20131031,149
20131101,218
20131102,353
20131103,101
20131104,244
20131105,163
20131106,147
20131107,148
20131108,148
20131109,402
20131110,251
20131111,652
20131113,218
20131114,738
20131115,272
20131116,258
20131117,150
20131118,137
20131119,274
20131120,84
20131121,92
20131122,88
20131123,70
20131124,53
20131125,8
20131126,10
20131127,7
20131128,5
20131129,3
20131130,14
20131202,2
20131206,1
20131207,3
20131208,1
20131209,3
20131212,1
20131213,2
20131214,2
20131215,2
20131216,1
20131221,1
20131222,1
20131223,1
20140104,1
20140111,1
20140113,1
20140420,1
20140424,4
20140426,1
20140427,1
20140428,6
20140429,10
20140501,5
20140502,9
20140503,16
20140504,36
20140505,269
20140506,1289
20140507,507
20140508,692
20140509,534
20140510,1115
20140511,1600
20140512,656
20140514,1684
20140515,393
20140516,516
20140517,478
20140519,638
20140520,249
20140521,55
20140522,407
20140523,546
20140524,369
20140525,452
20140526,330
20140527,357
20140528,490
20140529,554
20140530,1383
20140531,593
20140601,586
20140602,439
20140603,88
20140604,77
20140605,40
20140606,25
20140607,154
20140608,292
20140609,291
20140610,1039
20140611,142
20140612,62
20140613,41
20140614,74
20140615,70
20140616,186
20140617,125
20140618,86
20140619,127
20140620,108
20140621,360
20140622,654
20140623,969
20140624,425
20140625,173
20140626,244
20140627,36
20140628,57
20140629,124
20140630,54
20140701,27
20140702,524
20140703,45
20140704,17
20140705,56
20140706,101
20140707,279
20140709,156
20140710,38
20140712,80
20140713,152
20140714,147
20140715,44
20140716,45
20140717,34
20140718,7
20140719,5
20140720,33
20140721,30
20140722,133
20140723,196
20140724,29
20140725,21
20140726,48
20140727,72
20140728,4
20140729,10
20140730,16
20140731,24
20140801,25
20140802,34
20140803,8
20140804,15
20140806,6
20140807,6
20140808,30
20140811,1
20140812,20
20140813,14
20140814,66
20140815,115
20140817,156
20140818,45
20140819,116
20140820,162
20140821,46
20140822,93
20140823,261
20140824,77
20140825,66
20140826,11
20140827,24
20140828,103
20140829,137
20140830,120
20140831,70
20140901,10
20140902,19
20140903,56
20140904,18
20140905,30
20140906,77
20140907,81
20140908,28
20140910,40
20140911,229
20140912,250
20140913,537
20140914,29
20140915,77
20140916,555
20140917,1944
20140918,871
20140919,2209
20140920,311
20140921,363
20140922,173
20140923,246
20140924,401
20140925,83
20140926,1059
20140927,1130
20140928,931
20140929,1636
20140930,2097
20141001,1226
20141002,3177
20141003,2606
20141004,2032
20141007,49
20141008,339
20141009,889
20141010,1690
20141011,864
20141012,314
20141015,227
20141016,70
20141017,123
20141018,83
20141019,38
20141020,63
20141021,106
20141022,70
20141023,35
20141024,46
20141025,53
20141026,77
20141027,42
20141028,27
20141029,68
20141030,67
20141031,33
20141101,82
20141102,59
20141103,144
20141104,413
20141105,63
20141106,9
20141107,52
20141108,13
20141109,18
20141110,5
20141112,1
20141113,28
20141114,2
20141115,4
20141116,1
20141118,19
20141119,22
20141120,4
20141121,4
20141122,6
20141123,3
20141124,5
20141125,3
20141126,23
20141127,7
20141128,1
20141129,8
20141130,1
20141201,7
20141202,19
20141203,1
20141204,2
20141205,2
20141206,3
20141207,1
20141210,1
20141213,1
20141221,1
20141224,1
20141227,1
20141228,1
